2185
4887
7872
5228
610
3689
6465
715
5018
991
6366
7542
3904
8020
1152
7681
9880
6022
4675
6348
2757
1402
9270
8335
2917
7381
6680
7900
8545
4761
6516
729
9647
739
2308
6609
4427
5124
7323
5796
6114
3688
3337
17
8059
840
4050
4290
6862
8724
638
5970
6478
6259
4304
9394
3639
7335
3646
8535
2095
161
5615
8094
7251
4274
4702
1678
9398
2024
3825
1863
2064
7162
8232
6474
8001
2281
764
1214
7356
1401
7183
3833
4011
7839
9579
4001
5173
3224
2536
7268
9736
4502
5361
6986
8776
6414
5015
4525
8437
5192
6387
6852
8705
4618
3326
3057
3250
4089
4271
606
1841
7805
4438
2203
5643
4016
6203
816
3591
5090
4435
9678
9592
6147
3016
4719
2560
4382
9243
7348
9573
5629
552
8277
6599
3877
1334
9848
4317
5604
453
2509
9760
1243
1063
5403
1610
7265
2570
1553
8707
7004
1230
4650
9502
4245
9368
2061
4979
4962
5760
4551
6942
6311
2828
3540
6539
513
9740
7207
2468
6544
6067
2227
7786
7129
7629
5748
746
198
7300
9452
3553
8529
453
3054
9126
6172
1466
4104
1133
7226
5006
8074
3536
7833
7966
6427
8345
7705
3633
812
4248
6052
3039
8386
3180
7019
4133
3925
3569
1432
9728
7121
6312
6532
175
1789
2703
1640
2244
3835
5217
7250
8261
5105
1434
6226
1531
9779
282
1515
6942
881
7566
6332
9266
7098
9703
9750
7374
3271
1181
7102
391
3845
9985
6917
1985
2688
4909
4229
2874
125
7830
1134
5229
9263
3711
3111
5393
3992
4626
2335
4873
8543
5018
4138
5640
4720
3888
3014
4342
1420
6467
1085
1616
6451
8001
3601
5490
2909
4181
8364
3034
2010
9497
4614
1272
9560
7725
3017
3551
8702
1703
8423
7244
6720
8913
2884
7792
9152
2249
8485
6923
8715
9569
4891
1517
7570
4843
7007
6830
9023
5370
6215
7384
1218
829
5007
777
4905
8023
680
3606
9725
5454
849
2797
4366
84
6940
9869
2332
5424
3144
7398
4993
8034
5267
8914
2876
2273
2095
1898
3994
8310
9281
1563
5490
639
8692
394
8662
9371
351
4738
4824
7551
7534
5542
3987
825
5410
2670
6249
8553
68
7593
6586
1686
2858
5813
3958
4952
7710
4303
9613
3342
2217
5102
3981
908
1847
8994
278
8549
3731
1454
6100
7617
6995
86
8441
8756
9107
1041
3661
9174
8633
6598
7211
7842
2411
1168
2794
6472
1822
2406
9814
4039
3860
146
4946
2058
9139
1576
607
9221
9381
3058
6837
2727
9495
5278
1482
8601
6318
5142
4127
1303
8092
1337
9144
502
2505
8289
6973
678
7047
6786
4716
7258
3283
6014
9315
8773
3941
6273
7994
3321
9330
4830
6047
8824
107
3880
7425
2777
5374
1551
431
3465
2887
9574
3966
1743
4215
938
2421
1261
4076
3488
4870
3710
5853
4184
2483
6145
457
476
9465
6138
5305
1863
4962
1764
5743
2386
892
7468
288
1322
932
3174
7247
4897
1269
1461
2186
3689
9073
2613
3528
3942
6323
5733
4478
8805
1877
1286
9280
7694
7423
936
9556
2384
9051
1650
1121
9942
9117
1408
1263
48
4582
4862
1296
2202
6322
3482
5890
1747
2446
5769
5688
8768
1501
6517
3924
9730
7802
9555
7423
5225
491
3330
7608
5893
4980
8729
5835
448
6488
3449
6848
7421
8310
8143
9622
4632
7976
5511
6378
6774
7632
8417
5541
5484
4934
5817
5213
2735
5371
8987
7959
2213
2317
1919
8106
3648
6999
3940
4095
3486
3740
7294
907
2050
1789
528
3033
9764
2391
5762
2889
22
4178
4782
5505
5463
598
7070
4550
5968
6056
8860
4533
4724
778
2638
8371
7776
2929
8818
1262
6668
6111
2168
8717
7899
2695
8101
4015
5085
3862
6903
1458
4392
1684
3315
9854
2281
6736
755
4601
2791
9615
9133
3867
6744
8122
2237
4520
1050
1054
2133
4069
7165
652
9138
1415
9698
7238
5429
1135
1100
2332
2592
1843
367
2258
8048
2648
8993
8803
3600
8136
4769
2732
2002
1512
7205
4238
2383
8254
1644
4515
8674
5160
5166
7811
6574
1216
1401
2003
2350
8852
686
1293
694
1052
3551
8741
51
8895
7543
3650
7030
2311
2733
9031
175
9937
9621
2557
4542
7616
7072
9568
2775
8589
3730
9348
6156
5130
7702
8505
3981
4739
9798
1026
5791
9700
6119
2193
8594
3661
2195
5624
2324
4927
1006
8850
1216
6978
1406
2109
945
4829
1676
3719
9770
5406
9419
5925
6887
3472
4430
7220
8211
579
8245
4001
6630
4363
2545
5223
4376
4739
7198
3051
6018
4556
1900
3585
7885
9657
5693
8830
4486
3721
8900
4255
5478
8318
179
2364
1790
960
9583
10000
7890
4180
352
4519
4894
2896
6094
5621
7635
9643
8671
4
4198
6922
3588
8435
6579
9280
7264
1064
9352
6163
1670
4829
833
1848
7193
2622
9160
3127
8973
7049
3658
9324
7920
8552
8571
365
4172
2557
7
9195
2560
557
6116
6147
8991
9046
1779
2606
109
1130
8768
1778
5959
9600
9978
9503
8573
9137
8981
7545
2537
2639
3220
6808
7542
1791
7172
8065
699
7179
7259
3259
7735
9727
9405
3077
8772
7535
5682
5233
8665
4449
7010
975
401
3339
477
5325
8827
9457
2870
1364
8447
2441
8171
2340
583
5343
405
1282
8873
7663
4540
2959
3741
296
6035
2513
7831
1716
7745
2847
2516
1106
3821
9268
4445
4297
4593
3271
105
3814
986
4904
6254
5509
7243
6837
7203
7647
8118
6075
1662
9009
5385
5402
9304
1419
4266
3486
9486
8362
6332
8353
9468
152
3973
264
800
8565
3534
7257
2378
872
2160
4983
6380
9402
8171
9934
3401
2640
6008
1414
1648
7744
3167
7304
9162
7433
7141
4999
5794
3473
9703
1613
9976
3675
1876
7128
8591
1762
4384
7320
8985
2895
2303
5364
2296
473
5297
2048
3113
7656
9813
1112
5399
2980
8415
912
6764
5556
2262
8909
5380
1964
522
1707
1991
8749
8834
581
510
9569
7901
9494
2463
6555
1209
1111
3379
2857
9510
2843
512
9323
3955
2262
2302
8721
9525
5417
628
1786
4325
2359
102
4846
4066
2092
9947
9251
2672
456
8820
6924
6302
7634
3478
3862
8744
6857
6719
4606
6051
3582
3928
5
5844
2581
5078
5368
7997
5705
3506
2321
4416
3607
3519
8481
5698
3465
4083
4721
272
9254
1645
6573
6888
1474
435
1983
4682
3505
6588
733
7086
515
7089
9281
9447
2166
4649
7443
4223
4506
9764
8638
8112
3282
3470
161
3098
7552
1233
3369
6806
9229
6294
45
703
6728
2027
1736
232
4967
8820
3669
1833
5909
2950
1280
4426
3950
8722
8648
8455
4837
3637
2918
8118
7106
9430
1215
1010
662
936
7815
9891
7229
4211
6945
308
2589
8680
6891
7555
3852
559
5740
9760
3508
7019
537
7457
2092
5537
2263
6929
9173
1532
1398
2631
961
8965
3640
1623
9900
7806
1513
7128
2016
4809
7435
956
9840
4325
8511
3691
4883
602
9802
4743
3972
339
8551
6063
2227
7166
9343
1399
8697
741
381
9658
9705
372
1280
9604
8177
9144
6731
6544
304
517
7500
143
4841
2362
186
6075
2963
9987
817
6934
6677
5720
9348
8903
2885
8691
6654
1581
9431
7034
1238
5487
7406
8869
5090
1934
8012
8172
4830
8315
8688
8681
4810
9880
7394
4995
5954
356
1333
3123
3641
8010
8842
9340
3264
8078
8030
6269
9658
3812
3303
7248
9298
7060
6116
4387
5345
480
8910
174
5146
7597
5206
6307
3828
2599
1301
9782
9306
8986
9256
2946
3347
4449
8638
6610
2526
6667
2879
8535
6831
2533
2134
6128
5944
4602
6867
7640
5081
5776
7814
6578
9725
9371
2885
9904
1970
537
6037
1275
9522
5292
573
2868
6092
9210
5830
4969
2228
5060
3504
9058
3944
1989
5186
9887
6590
8404
7526
8022
531
1691
4600
6607
1062
7484
6511
3031
8020
2547
4305
3894
4191
4877
6761
282
438
8942
5251
2666
4001
5106
1723
7944
7094
3260
4182
3684
1663
1708
8057
8546
9750
2656
5152
811
6491
8014
193
863
561
850
4756
4751
2078
7868
5032
2516
6810
6634
5181
7162
1739
3255
5106
5185
6515
5639
5220
4529
7346
3276
3074
3448
5932
4578
610
2422
2591
803
3284
9503
8004
4391
4253
81
2259
5637
8948
5420
8622
480
2581
361
3735
4038
1897
249
9677
7116
1129
3374
391
4203
6821
6322
5132
3783
5096
7722
4585
4731
7225
8940
5474
7829
5372
7732
9817
4320
9503
8439
1151
8435
5151
4885
8825
7047
1485
4853
4162
2614
8226
904
3168
1399
3578
8299
5181
5025
2372
6117
9755
5948
5056
5228
129
6779
9311
9945
1098
5165
4735
2249
9952
9885
3485
8776
3283
4970
3628
3796
3935
8205
1052
3454
5955
4629
8104
7487
9653
475
3603
5759
2775
5010
7339
2903
1789
6649
2847
9238
8166
3934
7838
8117
170
1323
6892
3453
2644
6871
3600
2930
1427
4651
6383
7382
9279
838
4868
5283
1312
4823
1042
438
9832
8380
3340
7972
1380
2539
7210
9545
6472
5047
4013
6641
6369
7256
93
5364
4126
45
8293
5553
4695
4675
9286
326
5512
4153
5608
3176
8975
6649
3613
5159
1380
3305
3130
2760
5843
6691
8656
2314
1738
2669
8954
4458
9924
5399
9822
402
5443
8114
2306
137
9141
1591
462
1004
2095
2422
4179
7422
5422
4144
8932
6802
3800
8413
5913
9642
5104
4568
1955
6841
3588
7260
1298
9864
2658
7471
6617
4452
5585
8922
941
4725
6864
7754
5728
5310
175
6259
2731
5597
6754
1662
2398
553
75
4662
6546
1530
9229
4852
8370
9169
2111
6019
5384
1121
3490
2000
5572
5426
7273
6512
150
4136
618
2229
9445
792
4839
8528
6388
7944
6541
5137
4848
2967
9798
1393
4496
5379
6244
9217
899
4707
5236
6282
5827
5077
4633
7750
502
1905
614
651
2392
1231
9231
1836
2022
422
6715
4762
8365
3256
9898
3213
6222
6048
4605
7070
1426
7201
6286
8676
1907
7873
4957
4085
2949
9589
1834
3450
7845
2447
452
236
3677
9683
8423
2051
6456
5138
3164
4820
4745
3061
8032
7318
5460
8989
4387
3237
2541
7025
1912
4447
4897
3220
8531
7846
9160
6716
1295
7004
9163
8099
3591
9191
4133
2014
7593
588
3503
756
5407
8247
169
9791
5564
5628
5131
6303
5217
7671
3327
7128
8469
8223
6700
3351
2420
5859
66
67
9215
5580
8165
2805
1123
2297
1170
8715
2884
4672
5823
8290
2918
5991
4432
4834
7970
9562
7488
3186
3584
814
314
8404
5388
3365
1754
7808
9223
8172
7874
8437
3751
2390
7594
1225
4686
8763
9940
3921
3435
2114
8562
2704
8104
2994
3889
6073
8907
1376
5611
2491
2189
2276
894
3929
5640
9000
1736
4862
7171
5961
9651
7273
4702
7244
8498
9387
6006
4789
3307
9440
6902
1868
8496
1357
1213
2384
3781
120
3760
9391
8962
2300
1666
9855
6228
7305
8854
4315
8519
2376
6627
8169
9649
1328
5412
8146
7066
1417
9286
6724
7209
6187
4944
2056
7543
6156
791
1323
6275
4550
714
5236
3202
8731
1443
5781
6036
6648
6448
4554
9024
3074
9074
8672
754
4485
3169
7819
2253
2454
4543
5813
4992
9486
7868
8886
5641
8659
208
8268
9560
7273
9855
9113
6004
7649
4894
8391
4297
1341
9296
9672
766
8369
4695
1519
9205
7863
9338
1457
6668
3880
3622
1659
9717
1489
544
1709
6499
7103
9976
2411
728
6183
1523
3083
3831
2768
1473
4479
4108
7120
4150
4874
1840
8844
6392
1044
3058
2081
8852
9725
2312
2473
7735
2028
314
4630
3737
6812
1733
64
5574
2460
6246
7097
5542
6429
9864
3366
907
324
6837
1409
5197
8676
6604
7940
9719
9662
21
4922
5738
8684
7395
3473
712
4060
8102
800
7223
6186
863
2797
4997
3461
9893
6890
6241
6108
255
7147
6431
3443
4907
7979
2118
1511
2271
8188
1172
8643
3110
6909
7326
6856
6733
4389
915
1187
5188
8137
3724
6051
7285
8721
5863
3529
5610
2103
9637
2217
5601
2419
5659
508
6750
4129
2018
9020
2316
3189
4014
1777
6449
1339
4984
9534
5728
2250
720
7267
387
795
9669
4023
9515
5531
7552
1477
3985
3540
45
9586
5958
5703
93
2707
6183
8462
8078
4851
8002
2091
6627
4450
9782
7963
3983
1861
212
1054
9127
6950
1849
8796
973
7715
678
8524
9191
4663
2063
9235
4248
4372
1290
692
7079
3824
9153
1508
8674
7154
9951
1653
7955
6084
9615
8290
7944
9826
5695
3422
6776
7543
2217
7748
1610
9247
6271
7152
3909
4685
6387
4508
9056
4028
5199
2486
7851
703
346
2877
7856
296
4529
2162
6379
4143
451
674
3968
6146
4095
743
40
2664
4842
8001
1910
7464
5153
5818
2148
7891
6677
7556
1918
1875
41
6120
2577
386
8996
6784
7033
9876
8945
3411
4018
5748
436
7986
8245
4531
5080
8284
3546
6274
6285
5455
3737
1437
7624
5885
5679
4300
9792
3948
2526
9832
67
1454
6570
5415
8237
3602
1642
3533
3365
5660
5632
3800
9997
3876
4682
1428
2160
8227
7701
4796
33
1438
2584
4008
3674
8262
8307
3465
8561
832
3296
4979
8637
6217
393
6873
9819
8387
6758
3183
4046
2389
3334
394
2617
8016
1821
1128
2594
9522
5923
8979
959
4858
2986
984
9471
1293
4448
8031
8476
4095
3009
7113
312
9754
337
130
8140
3446
9664
8537
2187
2997
8930
4803
7364
750
5930
6310
271
8204
5288
7581
9413
8273
8564
8883
5917
3011
3265
745
7106
6273
4209
3769
2378
897
3898
517
4343
9913
9053
2881
2909
4334
7683
6625
5084
9964
2934
1706
8167
8221
9287
7579
2845
7850
2813
8762
7213
6077
5858
670
2349
66
4438
1079
962
4687
1595
1656
4599
7000
4536
7507
1333
8570
483
2768
8533
3416
4474
3051
1636
3760
629
4481
7961
9793
9594
1525
5869
5451
2194
4570
5516
2983
5648
2829
7669
3594
4485
8619
593
5372
2478
8278
3942
2960
7397
2474
6376
1870
5525
4363
1981
2505
5195
6294
2298
4788
7818
4518
6590
6364
9087
8457
9346
4734
1286
3367
4680
2122
1985
1624
7493
4462
9901
7786
7422
7298
260
3797
5519
2136
8159
3852
4640
9706
145
3289
4493
7962
7807
7435
677
6893
5891
23
7979
3528
9741
2658
5649
1725
4281
9494
6187
534
7279
9960
4183
3890
3756
6053
2377
8266
9904
7017
4323
48
6657
8816
4362
4463
6250
5038
7708
8492
1412
2038
2020
1152
1047
4020
2877
1679
3513
5415
8564
7144
5374
2746
7385
5481
8799
9762
98
8702
3130
4421
5102
9786
9588
9463
601
2189
852
4660
680
2264
3049
9051
9767
4095
3071
2643
2125
2935
4409
689
6430
6134
3434
3815
1614
8584
3576
8064
3638
3057
8836
8739
2842
8423
4553
9794
611
5404
805
7642
4019
3853
6693
3786
4299
9763
2780
6424
9049
7189
7112
5479
9674
6897
9293
7640
5481
9220
5703
5470
2276
890
4208
1469
9312
5112
1263
6274
6867
2067
3915
886
5920
6959
1023
6570
3073
3802
2993
2122
7342
104
7600
7016
7001
6892
1007
8833
2463
3061
4302
4738
3950
4861
6206
3261
9972
7468
5886
3190
5887
6152
4075
8158
3111
1449
4727
6183
5251
7720
4656
8944
4175
2255
2311
7527
5498
3317
6359
7960
6377
660
9049
6678
5520
5255
9938
1843
9074
2175
5033
1312
8327
5459
9469
1437
6908
548
3971
8510
4619
8627
7453
8793
881
6116
6320
2731
5784
2678
690
8513
9690
9739
5190
5209
1345
1480
3404
6770
3654
8436
8082
1980
3894
7550
3416
801
4449
3739
9310
9067
2365
3115
7860
9597
9230
531
2327
5013
9560
9369
9877
9249
5459
5067
810
3155
6546
4213
9924
199
2648
8005
2179
2893
1907
1946
3694
6355
5684
9355
5422
4400
2469
9633
3997
8050
6515
2675
9415
6074
2043
9291
5323
3853
4357
2484
7007
902
6696
6931
7453
5695
4935
9631
8587
3193
7928
8632
5900
3612
7987
7673
8011
6807
7305
8359
4857
3819
1034
4271
6244
3076
9913
1566
6929
4270
401
3935
1523
7096
7217
8975
9142
8504
4957
7729
1696
2885
2712
7595
2848
698
1619
858
7505
5275
5569
8713
9093
6602
9335
1689
9677
9247
9606
2957
9868
7
3244
1391
7102
460
6717
2596
8963
8026
324
7011
910
9387
957
109
85
2576
7318
3941
7850
2886
9005
3295
9487
8339
4983
5516
3937
4588
8472
3805
946
8067
1547
4400
8527
8263
6995
3841
2640
3670
7203
9901
3056
4512
9
3140
7087
7327
3432
1288
212
2436
934
9699
7126
5916
1566
1063
6856
37
4867
7801
4456
2765
2200
9334
7379
5546
9526
19
9215
6729
9919
2271
1240
9928
1762
4678
3606
1546
5965
169
333
6899
6219
7459
9166
7784
4873
2373
4173
6091
6526
8628
8855
5077
7961
6233
623
7486
2603
6189
566
2522
8459
1805
8801
6573
2834
2406
8118
5151
8926
8450
8401
5145
5908
7566
2928
780
6291
7100
6870
9168
5727
2076
4244
39
8309
1218
7525
911
7407
4442
9784
2217
2599
4936
8789
5432
3693
6906
582
2619
5356
8982
7763
7615
2900
690
4747
5542
7790
7968
4709
9868
44
5304
9907
4704
2874
3783
1966
6632
8224
1750
8848
7174
6685
3989
2606
378
894
9539
2996
2601
8521
7110
6568
7772
7799
7666
9665
1940
5633
4373
8160
2028
6028
4418
6731
5253
4552
5049
1884
2775
6798
7084
9949
9834
1072
8906
6563
8317
8444
5910
7270
3316
3019
189
7439
7170
7854
7103
9109
3486
7827
3620
1866
207
8037
8596
5459
2588
9996
3695
1715
6793
778
8015
2979
8201
6920
5893
2869
1715
1803
138
5031
1173
326
8821
8342
4531
5924
3803
8017
102
7422
9882
308
5459
4829
5767
8046
4825
5813
6112
7969
6590
4126
7299
1142
1045
3192
4010
2760
1346
500
4142
8870
7177
2962
7212
1708
5237
7366
6076
5339
4787
2309
5646
6597
7137
7764
995
8313
3576
7106
2634
6517
1232
9932
7658
8628
9475
8020
1387
7172
4871
1880
6042
2047
4842
9605
3754
78
6970
6181
1768
8108
8489
7414
4705
5626
5177
2051
290
5105
9156
2923
1621
6739
2855
5631
5367
8681
2
3105
5853
4872
1337
1894
6918
6178
1498
7024
2607
4819
3204
4375
2926
1693
8140
3982
3670
9668
6032
311
4772
1540
3234
2745
4630
2440
8375
9996
1120
8376
9453
6972
9599
789
5217
6516
3318
6714
9891
2276
1532
9447
3002
810
7491
1141
4791
7512
809
7175
7822
1932
5066
1055
4676
9695
3494
3050
6043
966
7777
5495
7937
7375
6283
9506
243
5952
6219
6485
8227
4103
5931
1229
4912
3421
2369
6054
932
9529
9580
5106
1461
4645
6160
6136
4340
6006
5538
382
3323
9666
5876
7611
3393
8510
7116
9987
813
9687
6471
9039
3789
8754
6619
5052
2174
5340
7457
9458
4868
7037
4563
2680
1681
7074
5168
6020
9431
705
2753
9105
6722
4980
6716
6466
9841
183
6452
653
9869
2923
6044
3657
1676
2662
5060
201
4353
2517
6010
5573
9553
6924
8252
1233
350
3419
3605
6132
475
6357
5237
3549
1337
8304
14
1177
8486
6466
8182
8355
5740
4225
8363
3767
3238
3423
319
7591
5939
6329
3163
5491
9604
7766
3075
9953
7537
6679
6085
4363
9388
1321
7911
7076
9624
4277
4604
4461
7094
2785
2815
2833
3361
1178
2951
6599
4600
3269
4189
6890
5949
3703
2380
5553
1468
1806
5505
9004
4837
1589
3367
4224
9261
7629
7651
5236
1905
2254
9697
8998
1391
8863
8182
4751
40
1132
1349
4639
753
1889
1528
6701
1943
259
2253
3411
8417
7758
8766
3253
5698
8484
3828
1311
2465
7830
2898
4369
83
8946
9719
1473
7809
7900
6224
7848
5384
3924
8839
6136
2165
6718
2836
4107
3329
1441
7517
1745
5550
2635
1349
1247
1118
1528
8909
3582
9357
1807
4303
9439
752
373
7264
4912
4624
9839
2760
7
3762
7950
2494
5926
4667
1682
6385
7995
3122
3901
6091
8671
2887
7439
6269
357
8966
5178
290
8322
3336
944
4113
439
1316
1376
5351
5940
1214
4462
2298
1327
2411
4792
3605
7077
2825
9989
1424
5946
241
7514
968
9480
4953
3588
9836
270
5117
125
4944
8452
1069
9056
5243
8736
6783
593
4675
4348
5054
3325
2026
7464
8116
5630
892
7292
1970
2315
9589
8563
6181
556
8042
1133
495
4229
7754
5612
705
2697
415
8125
8104
5657
6861
1238
2601
7887
5585
7654
1211
7611
1469
5678
9592
8713
2969
7914
7379
2557
2828
3559
9464
7221
1043
9959
1449
8797
1922
8505
7845
2336
6630
2301
7993
3490
3538
6945
1376
9123
951
2587
3085
2419
4616
9028
7483
7585
3293
4862
141
6120
8420
9605
9692
9463
5915
1140
4611
7836
9645
2455
171
6274
4755
4515
6115
8293
7812
3842
3767
8762
2780
3203
7532
7396
8582
5015
4980
1875
9876
1472
4346
4647
7428
4038
4109
3342
1529
8719
1177
1173
7526
7700
3798
2280
8566
6264
6924
6377
106
690
5138
9237
244
2670
6632
8826
4036
7963
700
3911
9435
1397
4909
6862
5434
9018
204
6963
4088
7732
4487
1613
1783
4637
245
349
900
7168
3077
7357
4210
8215
6594
4453
7236
9577
3278
1271
7540
329
1533
6974
1726
6441
187
7159
1810
6742
473
5898
826
4960
3862
2608
9596
4106
9308
6847
1274
2385
4204
5483
6951
797
9935
4186
373
9565
1808
4264
9893
3340
1237
1618
6132
7776
5129
7942
4517
5601
3839
1694
6912
4052
4302
6507
8158
3609
3354
9431
2345
3909
1265
5647
1057
7551
9832
1429
7115
7991
5693
3360
7682
3281
1329
3814
7408
6457
1755
8277
8410
1945
9970
5321
5996
4271
8180
505
4232
7885
6287
2928
1793
7551
8575
2849
1454
4758
629
4920
2749
2673
8279
430
2306
9608
595
9713
2416
8701
7989
825
645
7959
2498
2993
8581
677
3497
9164
4913
9784
2092
6705
3686
666
9553
1491
5423
6533
6411
4523
9206
4689
1305
1511
648
1899
1223
9416
6952
5564
6592
7596
3522
9089
6940
8454
6117
6789
7618
1029
2924
9709
7733
6609
6726
3637
8100
8500
170
862
9375
5727
1902
679
7237
2550
8929
4811
1965
5880
374
8556
9828
247
3997
6767
8701
113
9907
2670
7494
2830
8730
1578
9439
1807
5215
3890
306
1736
1103
6032
7462
3004
6710
1050
5553
1991
5860
3869
7870
2586
8777
4049
2832
2773
7168
7884
9237
7074
6905
6730
9904
5634
4660
5694
7440
6226
5935
4098
7961
7037
129
1774
40
3191
9175
5593
5181
5034
5813
9402
7619
4589
9803
6803
3713
6970
1038
9302
4043
7943
6031
298
3576
7042
5991
7368
3267
1925
7817
7579
8961
7945
9352
9001
7487
8526
945
9019
9912
6757
4773
3882
7698
4575
684
7762
1544
1722
7063
1938
9664
9446
2236
9591
6487
8226
3310
9754
6503
1126
7332
5463
5423
3036
815
2909
7913
1759
8280
7824
4868
3052
8058
8917
7626
8741
6678
5521
6814
3741
7458
2829
3186
6045
8772
9672
623
2081
9425
7125
3207
3109
8939
4981
6144
9754
4241
4056
7864
2520
8232
9083
5571
6289
7999
9548
1381
4677
5068
4547
8417
8878
7375
7954
1274
6146
7625
1896
4579
3402
5372
4137
6510
663
9117
9005
6768
3357
9412
4631
2229
7643
66
7799
283
8064
3699
8016
9092
8766
2562
3860
3995
9936
1813
5269
2434
9438
7164
7012
9191
8888
1148
2052
9550
6616
1056
6317
6324
6819
7299
8552
814
7364
6351
7448
1780
49
5463
871
5166
8024
1083
9161
4312
2895
781
3097
8684
4296
108
7874
3183
7607
6277
9084
574
3684
1752
6897
503
5403
5449
7668
9118
8151
5115
897
4551
578
8120
9716
8601
9202
5228
9264
2096
6008
2360
7132
304
8819
1357
9838
6425
7634
8922
6998
1317
7025
247
8171
2427
5695
5838
1545
3845
953
2441
8395
1530
6912
4462
6482
6113
6042
5746
4561
2049
8105
8044
8704
6924
9400
4894
9700
3385
167
3050
4702
7191
3296
9224
9618
5342
1414
1162
9186
2366
9954
3932
247
6866
4745
3080
9330
786
8825
242
9187
3282
8285
7890
6557
4037
9135
2608
7421
9301
2009
8474
6492
1656
4050
2461
6997
5463
3622
6182
7828
3575
6465
4426
6792
1210
7505
2474
1995
2682
2715
1181
2315
7352
5423
5223
7740
909
7830
5160
210
6191
9986
3053
7846
4035
5513
4843
9497
5486
7376
3676
9060
3841
4453
2204
1402
8309
4677
3396
990
3743
929
9656
7446
2703
1230
5185
3611
5412
6697
172
1602
3034
3224
9447
7068
8736
4289
2916
573
8017
6591
9633
1857
7395
8188
9610
5703
9216
3005
3045
2958
285
2700
404
9339
3930
1940
2950
9341
4988
3121
7294
8021
2697
6740
5088
7784
7381
8003
8357
5397
945
4341
3605
8339
2528
3214
394
1743
2570
3438
1052
2855
2489
7807
2193
2770
9747
1494
2110
4734
967
9403
2755
15
2495
4194
7798
9875
8549
2506
1623
5845
6846
5227
536
5725
8440
929
3819
1009
4366
4871
215
6854
9029
8760
9624
8775
253
8085
9861
7571
3840
8967
7585
2686
3160
1735
2560
1708
4240
4182
7553
7438
5760
8088
9514
4199
5368
3333
1559
9733
4555
1774
2938
3583
6885
8913
8710
3489
3350
8570
1060
7189
3888
4996
6226
7047
3082
5137
5107
3674
9318
9011
1111
1429
3450
6976
5627
8817
308
3537
4901
1214
5310
4190
1149
2194
3103
9858
5683
6452
4779
3094
9992
8666
8089
6217
2064
7523
1353
3522
1196
7022
8884
2306
8450
2333
9281
428
7501
5941
3964
2401
3506
5626
2943
4654
4171
6045
4511
9853
8848
5641
9298
5191
658
3739
7759
2722
1261
5463
2595
2456
8836
1479
1113
7285
163
6745
4064
7664
2685
4379
6416
2543
4
9358
7196
4175
1754
8059
379
601
3699
6029
2143
4357
9767
9901
3430
1027
5363
2376
9834
4198
3854
946
7834
4017
7690
8249
8032
6727
2628
4447
9269
8983
157
6464
9509
1910
874
6240
8863
4573
2268
1005
5281
8386
7258
5062
5764
8972
7437
5597
9522
7643
6542
7355
1659
583
1956
9690
7309
4583
488
6577
9917
644
9393
9426
8906
266
2017
4120
1190
636
1476
2822
9021
8733
4235
4784
7705
8024
6732
3578
5666
9625
932
3676
207
2887
9717
3868
3821
6556
444
3738
3552
6188
9515
2457
2806
7883
6576
3995
8518
8051
3169
7538
3136
7403
8673
7192
1778
1756
769
7443
1380
8052
7470
7938
7291
3538
1805
1111
94
8601
1200
3645
4788
7066
6101
7593
4948
9028
7940
9817
3430
1108
3706
6565
4862
2378
108
6640
485
876
434
1864
5280
4256
9802
2570
7793
7958
32
7886
6558
1232
7882
1346
4649
334
5290
5949
9361
3229
5765
2791
688
9471
5707
1902
8200
2167
4893
8685
9394
1678
548
4673
5933
6701
7242
78
4659
7274
4315
1216
4857
2197
8913
9505
2530
4203
5453
1891
3783
7570
1033
823
7040
3091
9076
5239
5257
3968
3923
4651
5645
823
5675
7930
7523
9269
8007
8533
2894
8673
9749
7750
869
5013
3606
3399
5567
5411
1641
9350
2980
9025
6524
6371
2115
5599
1609
3724
5918
5532
4726
7914
6354
400
5843
228
6020
201
8761
8913
8874
4861
6662
6094
9873
6620
9492
5440
2030
7484
1141
1361
6508
4016
7731
4975
9614
9339
5050
1883
1222
6127
9796
3927
6526
5639
507
2546
2191
9267
7810
7416
479
4472
3510
351
7443
9353
2142
9472
6837
9634
7184
9696
3649
1266
1022
9614
6956
6071
1496
8178
2197
1292
8456
5075
3282
8962
3972
1824
4580
1781
9240
5058
2604
9101
1761
46
8453
254
5869
1641
9888
9404
1337
9888
669
8710
5854
7625
1133
3701
2154
9681
4992
609
1107
4625
5923
1430
6449
502
3211
2040
1912
2166
1140
24
8564
9592
277
784
7585
6516
188
5273
2756
856
3982
8609
4832
5114
2309
6985
4795
3653
7594
2253
4629
9868
3683
7429
369
3245
9468
8632
5410
6959
8655
325
2903
5284
1109
487
8151
7648
5759
906
8503
9740
5866
3335
1206
8175
6671
2352
8179
4264
4604
2807
483
8286
6588
7204
1530
6055
5835
3292
9366
842
3616
2268
2477
1076
2754
627
8723
4864
1533
3578
955
7398
3264
2160
1924
9934
863
6454
550
5467
9261
1032
104
2200
8235
7986
8254
422
7629
3971
7615
1244
6238
91
8672
5343
717
3746
6558
8601
7323
7513
2351
6938
6024
4274
6872
6887
728
3773
8705
6340
1156
8808
8539
5743
3145
3144
2516
773
3467
130
8369
9704
220
7040
1399
7288
7137
7956
5889
4460
1820
4591
7749
7844
8864
972
1082
5943
4744
9786
8634
2252
4945
3524
7994
8090
3020
509
5214
6486
638
3582
2541
7209
6973
291
848
4110
4599
3088
4921
6418
7678
2669
613
6542
3641
1694
8836
8384
1479
3822
6987
2776
7345
4980
7217
364
5488
2430
3201
2477
6012
5742
6037
9336
6032
6885
3445
630
9972
8365
3400
7650
1034
4012
543
1026
5706
5730
5761
3536
9551
2748
6311
6896
7727
3527
3611
9567
2309
6812
8395
4672
8905
4432
4007
1288
7668
7452
8270
3991
2168
1669
1640
9553
2032
8534
578
7737
4264
6339
7625
166
5438
287
7061
9516
166
7024
9082
2474
187
3829
7145
9091
4612
1151
6730
2279
4954
1351
6269
7122
9371
4261
6674
1403
9146
3604
5491
9761
6294
3115
9927
1731
3402
3339
1246
3567
362
6680
2392
548
508
9536
5990
5119
7038
9072
3749
1992
422
17
5465
9793
629
2138
1195
9775
2093
3037
5887
8386
6152
5813
6468
5905
9152
4066
5823
9513
745
8214
6413
7604
7749
8754
2722
1138
7825
2822
3129
8247
2838
8593
4391
9819
7083
1937
5945
9175
4973
1831
3913
7476
3996
6732
3380
3147
797
9202
9011
7893
3767
1775
5496
7867
529
4569
9005
4705
7390
2133
2951
6580
7078
3693
2750
4160
5629
8694
9686
6954
6876
3598
4429
871
6682
4161
4017
7478
9714
9380
5371
3481
1154
7218
1347
8034
1787
351
2739
5528
8836
2041
2107
5913
5734
4856
72
7714
9901
6109
4667
6777
6059
5448
7647
2740
9608
8016
6569
5673
7395
1939
9153
4900
5509
6852
2934
7295
7202
5672
2822
6037
7712
1281
8301
3445
6136
4724
7511
6037
833
8529
2813
6891
3976
6811
5982
9935
4826
2550
5608
2220
841
1112
3472
6349
7963
6405
9995
1517
2076
2816
7553
9787
448
2206
9584
6584
6929
7094
8972
7761
1974
8136
1003
5950
4946
3336
2236
9772
2238
7843
8343
3078
5307
8166
5778
3269
4570
5772
4785
6645
4939
8690
2784
5387
895
8719
8322
7823
2164
7293
1936
4137
5428
9290
86
6725
8978
8674
2848
1215
2868
7543
644
8174
5708
6421
1443
278
2192
2579
3274
7130
1268
2409
8868
8514
1127
7189
2689
3290
833
976
7427
2612
6617
3864
9337
5594
2537
8536
3160
5405
6078
3803
3578
8138
223
1372
8415
8766
303
8040
2248
7922
449
1115
6436
1575
8304
5476
1217
5488
6451
8643
8100
9419
8858
7436
1365
1395
5971
4524
3151
8401
4679
3080
6538
4901
804
1304
19
1106
9343
2266
9027
6143
3380
1814
4070
8035
7289
5286
3523
91
280
1622
9510
9137
5409
874
6883
7731
1749
33
6131
6427
3113
9020
7680
268
323
7698
1373
6018
6315
6751
2160
6046
8565
2581
4081
5853
7866
3955
2296
8145
1928
1805
3634
3688
9030
516
1418
7130
549
7549
9909
13
6568
7588
280
3243
1637
8004
9260
7951
4754
7771
3996
3318
352
4428
5523
4569
4734
7818
9066
6661
5974
2699
6700
1355
3214
8118
4836
114
2018
4744
6478
8585
2331
6757
8179
319
4760
3790
4621
5866
1561
4969
9183
8264
5748
4705
9184
482
8874
8249
3494
1199
7299
194
2553
6865
8311
7389
6978
328
2132
3456
5264
815
6564
9795
7485
7676
3584
2106
3541
5144
3426
9075
9759
9173
132
5295
9654
9005
9895
9500
204
7194
9693
9108
4058
4355
2848
1035
1034
1332
842
2649
8498
3758
2443
5982
1433
6027
4439
1325
7522
7864
399
3633
7037
530
8927
3042
9535
8821
2541
6090
6014
8585
1549
6423
2939
4397
3810
324
5728
4651
2973
4225
8408
5415
206
6192
7793
997
7516
5315
8860
7915
5299
2248
8444
4225
5290
4330
9397
4182
6771
5411
2767
8320
8185
2057
2716
1994
2381
4795
2997
5353
9019
1404
7119
5576
7596
4912
6572
1463
6578
1784
9377
1876
383
4173
2452
5672
8502
1848
6206
5273
3610
8972
9944
1795
7380
2659
3788
9760
7453
6784
1464
2823
4540
4935
4750
8487
9846
7674
9949
2775
9457
5678
1002
9839
9850
3453
1863
4703
5300
4420
6327
8910
9743
6270
7056
7122
5280
843
3234
2732
3979
4697
1906
8518
9631
6656
7004
5828
4329
3304
4954
137
8981
5955
6327
5182
5759
4541
9885
1059
8960
6211
6320
8702
2481
9727
5824
7760
569
9057
6844
899
105
8749
9416
6088
1756
2771
1915
2436
2427
3221
2572
1407
9175
8899
6589
1286
3439
6473
8696
8751
9035
5015
7452
1515
1093
3275
9275
1661
8683
2470
2560
8788
1218
8327
1227
9326
7450
3141
1761
9876
2713
4333
7634
8240
9583
4222
9525
9373
7046
8220
8123
2433
9586
5575
3947
678
5201
9573
8690
236
2042
7601
5375
9612
5928
6601
5289
3377
6093
7049
9604
8806
7733
7237
7045
7315
7811
6569
3040
1208
1140
1162
3640
725
6736
7587
1402
8289
3511
6443
8524
5553
4044
3898
1516
9971
6850
6804
9699
2942
3852
9302
1747
7937
2890
8791
1603
700
1711
4642
1908
9202
5804
5547
9926
8891
3133
7679
3531
6644
4122
2054
8548
8165
2303
63
4487
9152
3218
537
2094
3421
6190
192
1357
9079
5335
2960
9779
3397
7601
1686
2599
3404
7232
2524
8647
6717
6555
2177
9712
7028
583
4611
1544
9237
1025
2382
8389
4242
2918
6834
7662
9107
7025
5371
4537
2359
8330
4315
5756
5930
2352
4706
5686
5936
3581
684
2652
135
2860
8715
3514
9794
3325
5057
9031
701
7438
7419
4942
6707
604
8955
2165
7628
4325
6702
6339
2654
1016
8446
4936
9720
9503
6973
5655
3083
7656
4658
3218
6867
3372
3083
6661
3048
8140
2043
3748
1929
9461
5041
4988
6416
3995
7152
395
4672
3853
3085
3677
1221
1530
8612
940
7384
1936
2946
467
5943
7603
36
9162
7326
3118
2174
373
7609
4216
472
9538
28
5512
4525
6443
5858
8028
6837
529
1881
9922
4206
9453
7803
9169
6744
5187
7457
9689
2005
3399
7291
2040
2560
4616
5157
4733
1340
2766
8948
1811
8655
8975
3674
9531
1769
9531
3910
4958
6412
5790
4879
6969
1594
9033
6137
8337
571
3593
8025
2575
3344
5315
4614
5903
9930
6123
6988
1269
5240
2287
9431
3894
7614
3104
9776
9382
8987
3685
4339
5398
5827
5569
8718
7420
954
4854
2109
1524
4799
133
451
4494
1800
5064
396
8081
7538
3735
5702
2777
6022
5132
3022
3635
4588
9149
9368
3574
2834
3707
5323
5012
5627
4040
8783
6580
5245
891
8104
6395
7376
4906
888
9175
6321
7636
7255
3859
1370
2956
6635
7391
4440
9657
7377
9027
8805
6745
2600
7990
6803
4274
9353
2429
4665
8136
9009
9909
5378
3464
2656
2753
8369
3543
8279
4689
1178
1886
8547
8900
4841
1534
2642
9280
7542
19
4658
2698
3115
3609
7040
9917
7882
6392
2345
2546
879
7705
8807
2609
1168
1462
1713
5888
1356
9992
6929
8886
1877
1827
7785
3069
3360
426
8701
7253
6796
3358
9951
9910
6967
6990
6178
4848
9733
8523
3746
612
2579
2552
9572
3747
365
1284
5986
1720
1275
2914
605
9503
4741
4741
2572
4452
5167
1272
1705
8314
981
1655
8224
7947
4996
4401
9147
4728
9275
2892
1691
1854
1795
1262
1952
8511
8898
4289
230
6524
7203
7187
6027
8295
1927
4950
2746
3445
2573
802
1759
3553
8808
6334
1500
3803
7086
6998
4883
2713
9889
2925
4566
8035
539
2869
6545
9436
7157
6774
5959
711
312
8337
9005
2239
9638
8103
2035
2210
5256
3793
5763
4064
6478
3614
7866
9916
611
9100
2628
6851
2025
3545
4885
8915
6413
1429
8350
3569
4554
660
632
4866
5349
9636
3456
4986
4090
5490
7196
9346
5635
9310
3409
8464
9275
7626
8379
9885
3078
1006
3087
1454
4550
7971
368
7314
5751
5069
7235
6656
2080
7866
7873
7428
3853
1328
2414
7943
3170
5961
3640
5156
5270
3400
9971
4544
7377
8350
780
454
5707
3866
1907
257
8188
8626
3922
3938
3694
1156
593
5774
9021
8466
9553
2874
6145
1966
7168
5666
4278
7159
821
9547
558
792
442
7934
5493
7573
4740
1199
1438
2998
7807
9625
1624
1729
9914
1669
9236
507
7442
8257
5324
6995
7482
1468
5312
4649
7134
9590
1807
4306
5488
2364
1449
2282
6649
3293
9854
1388
844
7644
738
5002
3620
2361
3082
3534
4029
2318
392
7823
574
5715
1169
8055
3534
2832
9055
7019
2421
861
7677
4261
9576
9125
6542
2576
8770
6395
316
9613
390
1053
4614
4010
3413
4048
7543
3793
6365
7934
1615
3290
10000
9135
1344
9885
1967
6750
6904
4387
7610
932
4999
3537
6408
1540
6112
5177
4287
2779
1141
4676
3831
2107
8685
3595
6154
2579
7388
2518
6864
5354
5807
3215
4489
3502
3100
6455
251
6355
7193
4212
7286
2192
4100
3693
83
6563
8870
721
9342
10
5397
9524
2116
433
3119
8269
9364
6858
7138
6227
2211
9296
9442
6699
2797
8893
9505
9399
5247
6698
9962
2532
5241
413
6224
5323
6976
1445
6044
2669
1455
7792
2192
9922
4576
5310
4543
3939
8519
1680
6518
730
976
2311
3780
124
1203
3285
5875
6449
6334
5836
8980
1574
6249
1555
3248
9576
3000
9291
2244
4454
3434
4435
727
8010
6097
5269
1948
4615
6949
4817
1696
4276
7127
5476
4399
8329
5112
6625
4777
1445
2461
108
9370
5061
1663
2617
4636
4662
8260
6879
5467
1693
7665
6193
9702
113
7814
8002
4728
1114
2818
2775
5389
6297
4602
6139
4625
9713
2764
5754
7509
1576
5861
3230
6636
7523
5847
7623
8536
4106
853
354
5798
8517
2899
1852
8630
712
6205
9709
1825
9022
2483
3565
1670
3437
9703
6295
3149
8818
2048
7010
393
4260
239
3380
8135
2437
1002
6670
6542
1854
7024
8692
6723
9922
543
5352
6985
3099
1412
8809
2120
246
2373
3790
3682
8427
6436
3183
7245
4835
192
3989
9094
6782
7369
7228
9219
8370
250
5760
6576
3625
803
3298
9898
7697
5001
6882
795
6412
2042
9267
6657
766
9408
6691
5544
5843
9873
9140
7029
6416
3129
6122
3197
497
9702
2415
5218
9951
4527
1793
9927
5329
5090
9824
3026
90
3057
172
2853
5098
9438
5862
2215
8845
2552
7758
1039
2424
6898
4419
8839
26
541
8387
6874
6594
802
2091
2896
5328
236
2822
7008
1677
8997
6385
8119
2053
6557
971
3502
2346
6832
5716
7543
9383
9825
8581
8158
3074
9352
3348
9451
9892
1735
6324
2837
8888
4767
5732
4215
1354
4905
7574
3030
3901
3959
1148
2305
515
8471
5806
2860
5302
7873
402
1037
4049
5335
5546
7123
4686
5246
6573
929
3332
9249
117
2219
367
5848
2785
1720
752
358
1101
1004
668
8601
3308
1182
7071
5465
394
8724
9689
7147
9760
3737
8833
1658
7211
3518
6903
136
798
234
9384
914
8804
6102
3113
1588
7821
216
8297
5273
7571
8965
3873
878
6498
943
2694
6891
9667
2382
390
5778
2471
9222
7435
9681
9092
4337
9816
6241
922
9199
7155
9725
1652
6619
7664
9472
6835
2313
1097
4405
7629
4969
1635
4126
2264
4328
7369
8282
3062
4110
4059
5532
3331
7846
5212
2422
2182
5028
8663
9456
578
2169
5532
8582
5139
9548
8053
1973
1860
5501
2730
9488
470
716
9965
9085
1395
3685
7366
4456
7794
1424
6339
1125
9269
7903
9898
7803
9282
4912
3610
6211
3432
9141
4792
8571
8688
2845
6895
6899
8345
5976
2738
5166
6691
2703
4250
4438
2739
1615
5245
533
9391
1584
8009
5011
9486
4258
9165
8767
9170
2774
4977
2601
8267
9769
1171
6954
8965
8066
3853
3661
4041
2942
5179
7084
5644
9428
1521
4735
7395
6765
1619
3137
4700
9627
8147
4185
236
7312
9303
9405
6437
632
8358
4703
6752
5880
8009
5716
297
8213
5728
4338
1154
906
7773
3150
6686
5645
7884
432
2409
9502
3568
3461
5480
1714
3997
5715
5377
3300
1472
1814
283
9829
2868
7034
5708
876
9101
6005
9088
4828
6694
242
2086
818
9743
5123
6462
7626
5554
5222
3479
9121
8682
8958
7186
2679
1024
2563
2330
2495
728
2612
2323
9947
9645
4383
823
8745
6739
6262
9924
9784
2855
2009
601
2597
7131
3414
222
9036
8635
3700
8156
3669
9009
1694
6347
33
608
5028
2527
1335
7639
1202
7633
3635
1936
8455
2379
8674
1069
8654
4809
3923
7015
1761
6520
4145
5174
6741
9533
160
6793
7688
3828
5801
9381
6526
5833
6340
1553
4712
4026
5543
5913
1659
9177
4200
113
7907
9225
7533
6561
4033
1456
3575
2145
7975
4071
3670
1067
3603
3829
7859
7643
4009
12
3375
534
2196
9715
8439
6907
3740
3981
9171
5398
3158
3370
1863
7416
8946
9395
3976
9330
7202
3902
1474
5176
4325
5143
6243
4279
8972
453
8273
2980
464
1648
9865
9012
7714
8303
2270
7805
2284
1441
9555
1793
1162
7769
9208
108
3515
9536
9437
717
9789
7263
2244
4113
2405
8486
8392
7728
5291
6664
707
2106
4663
6924
1117
8728
5226
3387
6533
3861
1179
2439
2005
2340
207
7565
8799
3721
7100
4588
789
6888
1850
3033
7353
606
7870
2096
8334
3160
5111
5392
5266
9774
2315
2734
8501
3893
6120
1385
7753
3650
3823
6110
2342
381
3674
1140
4102
773
2079
1242
4012
280
4274
7716
886
2144
9811
5571
1655
4922
962
3272
1047
9629
6006
5899
3521
8477
3636
7625
2127
7458
3734
4468
7839
7407
1959
8292
4531
390
9533
4895
7021
159
2610
7906
2302
2421
9828
3956
3694
790
7228
4740
418
9585
6990
290
8061
625
7914
6539
4435
8000
7358
2273
5406
9317
6916
6289
6058
6448
1183
3078
6606
3792
7336
5259
2564
7163
5567
2609
7952
9146
3700
4721
8730
690
1362
3142
1314
9276
9681
5748
3627
7038
4372
5384
2706
1287
1672
8763
4087
2854
8193
7044
2998
5528
2303
1913
2690
4221
4522
6994
3366
8221
8066
2095
5262
9428
5236
6576
5055
1268
8675
8681
8306
9399
4064
7363
7037
5736
2478
1123
4941
670
4519
4290
6197
3173
6203
5238
7393
7076
8583
758
5296
6649
9204
558
2428
791
3485
7482
2059
8511
2514
6716
7909
6577
4078
4946
8664
2907
2420
9957
3576
6938
4246
6124
110
6800
7714
3854
3875
6296
4611
5523
9296
166
6080
1723
957
5916
9204
9367
4426
1717
6082
8687
4646
6511
3632
9661
9418
2403
9617
9345
9341
3863
5469
5802
7014
3182
9656
889
5829
618
6411
5125
784
8842
3199
8092
1109
8755
7458
1886
6823
9891
572
1468
6401
555
1129
5818
2958
7097
1515
8650
959
6983
4451
4325
6516
458
5213
2344
1076
7975
3820
1859
3168
3371
6302
628
2125
3759
2513
8947
3649
9437
6767
49
9991
4247
2219
9300
1343
3733
4301
2302
7067
5104
6626
3582
5561
8190
2277
6636
2516
2449
4846
2035
5819
1147
2662
7943
1257
5174
3241
4905
4610
7
1306
953
4253
9876
6604
5596
9960
7257
4249
7026
2360
7226
6959
4272
1767
5587
7260
4282
4387
2105
6316
205
9604
8977
4499
7212
502
4092
2117
1464
4098
9774
8768
4703
9649
1723
6650
9608
8979
898
2985
1338
4475
6295
5610
6241
1881
2869
6874
2620
1325
9541
9176
7280
8517
3675
4492
5370
4118
2960
3185
8215
2733
1952
9269
8733
3675
5918
4692
2653
3167
4028
343
7641
322
5952
3881
8554
5172
7106
1173
2848
6646
349
128
1514
375
971
6884
4492
3930
68
9058
3014
8372
8327
1746
2046
596
2789
4698
3763
6816
1392
1403
7137
3695
1636
5690
8866
5093
3215
8066
1739
3563
8193
3252
289
5515
135
4780
9444
6555
189
8809
4926
8515
554
3323
5463
3342
4372
9225
157
5764
6979
3645
9458
4966
5686
4676
59
8900
2741
1797
8814
7285
1400
9102
2799
1535
3881
8594
4441
4070
3754
5718
8936
4307
9040
4398
4000
3411
9974
508
9174
3305
504
4984
8270
6189
9659
4680
5089
2399
2828
254
6035
4228
9356
5185
2114
9588
3778
6554
9
7531
8623
8945
8189
7662
9694
8540
1072
6020
5399
6598
9324
5902
1581
3945
8442
7591
8625
9882
6341
7804
136
2375
2031
9491
7559
4144
9078
7688
7049
9087
1570
5671
4383
6110
3332
428
1001
756
6447
6399
3705
2122
8652
1637
6067
7093
9227
1043
3327
5567
8846
3462
4293
7229
2952
1851
1372
8381
5890
8421
3819
7459
4091
8201
9920
3775
8629
920
4530
1427
7318
4586
3549
2321
6222
5967
5765
5448
7009
9091
7366
2206
2552
1658
9434
1855
9860
7158
6588
5749
5578
406
9559
6020
4959
9478
9794
9939
397
675
7717
4066
5260
1265
6386
7833
7231
8502
3280
591
7593
6997
9149
6496
8654
8582
4703
8513
5739
7642
613
7668
4399
171
3688
9357
9648
9833
5647
44
6860
3364
461
2119
980
3198
9952
8211
1700
9583
5153
5644
6580
4301
8491
1585
9235
3193
6450
1325
7186
7062
8993
1585
7233
9032
7293
6880
5216
2940
3276
2075
2655
3736
546
3634
6934
6849
8196
4985
6431
3349
628
9362
4001
9118
7299
3235
8663
3748
4560
5848
809
9904
7432
8041
5287
4725
1273
6854
4016
4548
8929
6670
4635
9474
6655
7920
2674
4851
2904
9104
4551
3531
4818
8551
9001
2116
8138
7663
5863
9049
3510
6671
5304
942
1064
590
2018
2336
3795
2385
3235
2723
5406
4221
8548
2060
2141
1221
3262
1396
6677
7812
1279
7846
2715
279
9961
852
7941
2175
9900
7802
5197
5203
5095
6260
2144
7112
4947
5938
5848
8181
5013
1253
8754
9912
9665
894
7485
2926
2289
4161
7090
9919
8358
9804
197
8318
7007
4489
6844
3258
2291
2040
4812
7385
4652
3307
849
9598
5596
6696
4131
608
4301
2884
6872
3965
129
4356
6890
8769
8516
331
8688
6873
6486
5236
1542
3492
9725
4737
3101
8367
3128
7912
2103
7779
7570
9303
3729
3166
5999
7859
125
6651
7094
6996
615
3574
1351
3856
2342
6218
4187
7381
9442
672
2617
7335
516
8693
2071
3616
7059
5199
7880
9161
9329
1801
4816
3057
4966
814
7267
1443
3816
4360
8438
4430
7933
6141
8285
6627
2358
8823
4007
8152
5847
6623
5486
6362
1667
3909
6329
8725
9107
560
4238
8435
2361
9053
1492
3678
6218
5110
5120
33
9470
9910
814
3754
2402
5450
6732
4759
625
739
9262
6471
3713
4748
2832
5380
8656
5512
456
4114
2424
1045
8900
4784
6449
391
4813
9018
1853
6285
5402
1322
6194
6215
1427
8595
8017
8159
9705
8641
5249
8967
5111
8961
66
4294
692
5073
6157
7500
9186
8580
8544
8085
3363
1345
4828
4528
362
6680
812
5764
4353
7005
8330
2131
1951
6346
6641
8007
4986
1889
6973
6448
7202
3390
7093
4245
8462
3250
1744
7647
1829
6640
2084
1544
7984
6911
6071
4697
9942
6882
460
646
238
5142
2776
8540
1487
9417
6546
2825
1305
9871
5624
4858
3260
2717
9103
1722
5966
846
5720
4146
3837
7803
5689
8172
1065
8111
2869
7358
1344
9680
8003
7933
4821
779
6472
2660
6547
3018
5484
4203
9240
7459
9061
2499
175
8163
572
2492
5360
6292
6638
5549
446
8678
3720
7863
6789
2940
5220
4484
8972
9575
2417
3792
6705
8888
2803
3251
8257
4638
7453
7496
2097
6513
6347
2271
1027
6918
4763
6387
9561
7752
1935
7
6429
2006
4221
9569
4946
9440
4053
3917
5366
2821
4060
2070
8060
6863
5320
2669
7852
9125
164
9948
5637
2862
2219
6664
9780
3333
9402
5692
1084
7688
5698
3864
9693
9918
9785
4638
5710
189
4906
1075
3009
5318
9497
1068
2180
4816
3736
6383
292
252
6331
2281
3113
4901
5296
9244
4585
4697
4936
5668
2384
6985
5883
8428
3255
5667
9418
8964
5855
4323
6390
5215
9640
5886
2635
8171
7054
6370
4554
3697
2973
7236
5977
2438
2136
1272
8033
6720
5968
2968
8739
4703
6305
973
3131
9559
6640
2548
4874
8846
3222
7615
4061
9214
9853
3047
7384
3258
9416
8289
6954
8741
5524
2931
1178
4011
4202
9210
730
6522
8530
5820
7576
1186
6793
706
744
9784
9605
1969
8629
9179
9583
9041
8392
9435
2087
2127
9044
7855
6768
5998
2947
8643
8928
4124
2654
9481
9685
9735
2354
4566
5555
9930
5751
8699
635
2846
8482
6592
4814
3462
5770
749
8855
513
6535
941
2639
5579
5147
9406
1576
8093
8049
6855
8568
7054
2687
4605
3140
5041
9170
5046
4970
1273
3744
1956
4118
8577
4899
5284
2039
7020
6032
893
7532
2566
8185
171
8144
9684
5928
6071
4128
328
2925
2696
3733
1964
7300
6873
7004
2821
1918
8325
445
5662
280
4563
4238
1531
6198
2628
8550
2229
9872
6082
4794
8057
2604
9290
4092
4883
5360
8219
5211
4637
914
8943
6600
4565
2167
9955
3738
4085
8279
4182
6098
4910
5096
6687
6440
1293
9315
1342
9873
5538
7423
4667
9946
6378
3956
4037
1260
5667
2256
6470
303
9521
1765
3254
438
3931
3208
527
4367
7838
4708
464
2748
6156
3503
5539
3800
9169
3232
3673
4706
654
8339
4652
7031
8646
5040
4643
4312
7295
1112
967
3168
9228
4220
3605
9511
7428
4131
3877
5265
5190
693
4364
7697
547
6255
1497
9715
9486
5169
772
6492
9859
1775
9874
8504
6815
4516
9167
461
1980
6485
3628
7559
705
3584
7069
4484
4066
7298
6100
9256
4342
6816
3304
4888
3070
4800
954
8907
9968
8077
1750
9826
9852
1624
4681
6666
2491
200
7126
822
6684
7106
8381
3740
689
1801
8223
4755
9098
675
362
9791
7490
17
4678
6911
4817
1983
2169
4784
60
3919
962
9911
1894
1994
2928
736
8545
6405
1558
1581
3510
6290
5320
551
8090
9895
1657
7188
569
8370
6978
4410
8386
8008
7672
3202
9990
9840
4338
6401
3758
1651
2663
2003
3644
5590
2739
2189
1995
648
3769
1856
6937
5440
2406
5026
5334
4062
8565
2254
2431
1895
3015
817
6254
686
370
2595
526
4707
8996
635
6357
1658
8990
6353
3600
8080
4893
1946
8727
5013
3801
2015
452
6207
3392
2138
6620
8309
743
9051
203
3758
6219
2808
4443
6588
5402
1320
1295
749
1955
4003
8759
944
355
8710
5375
1599
655
4101
6611
4455
2467
3415
7013
5858
5552
9985
4166
2646
9035
720
6403
1605
9879
7198
8192
5281
8517
5838
2381
6823
6193
7491
4118
2899
6200
9492
4498
6854
9944
1108
7661
2410
4522
1025
8268
6425
1009
8785
9071
6395
5857
1825
7999
5735
9022
2543
7367
3891
8380
9748
713
924
3590
1183
3823
9790
674
8320
2995
6970
5779
655
9379
301
8032
3998
3077
9040
9135
2147
1787
4991
3972
9785
725
9345
2327
4444
3235
7059
543
300
7982
4132
1482
8156
3921
8507
6475
6916
5476
2254
3922
1207
8906
8305
5204
1982
7345
4338
481
5483
5680
804
5267
2757
148
3946
7200
9735
7356
7742
34
1689
1873
7867
9845
2146
6373
2671
9061
8201
1276
9334
5759
181
7639
962
8515
1335
1652
5347
6817
3683
6150
8435
6439
2649
2380
3638
2383
6087
7731
2416
7776
9604
282
7620
8101
3007
290
3513
7559
1566
2846
3317
8098
6836
630
2964
4522
8633
4662
7690
2316
811
2477
5106
3460
1208
8744
5842
7295
2826
4610
5070
8781
1243
2689
6881
4249
9330
393
1807
7247
3239
1475
1697
6426
2105
1012
7300
737
5674
4989
9404
6484
7465
4510
6295
8673
9605
8489
5967
2430
3098
7388
7563
4340
6428
4443
4941
5757
4836
3099
9356
4426
4574
1052
7203
3030
2063
4502
118
4088
9491
9522
572
3307
383
3218
8331
9987
1706
649
8768
1155
8036
6330
1847
4463
773
6787
6572
1960
6237
2279
6385
7162
9682
3587
191
8096
4441
6661
2184
283
6182
9107
3589
2916
2324
8272
9254
382
8920
8021
1536
3308
703
9734
4122
7827
2872
7045
9786
9109
9323
2522
2622
5356
2460
2813
3452
6900
9473
5635
7182
2006
4741
7123
1273
3416
5394
526
3797
665
4898
1685
324
5600
7770
798
9778
642
7842
5915
6102
3517
8436
8723
8872
7248
1535
8675
4147
7359
4309
7681
5716
5401
1155
6988
8817
6548
7513
8965
3564
2411
649
240
4362
8419
1037
4140
5412
5230
54
1513
5098
4842
235
322
2089
8122
8996
2587
1832
9657
267
3900
5057
1421
887
225
4320
4752
9190
4236
3514
6190
827
7875
960
8215
8366
6371
3444
4772
4235
4894
9613
4470
1567
1701
8943
562
639
7126
6570
906
1025
1627
8678
1912
1851
9350
3015
1040
3585
2880
3582
4411
754
4541
2625
5472
912
2420
243
1498
3665
9855
5967
5231
7907
1261
2145
8545
8387
8714
5802
9411
340
4480
7674
8543
3829
688
5934
3765
9919
9515
4527
673
408
3503
2496
1319
2274
9090
2816
5939
8944
5135
7521
3202
6395
9665
8098
1133
8379
3900
544
5070
4731
4569
3612
4911
5257
5898
5027
5175
5412
9553
2199
5819
9407
1046
3489
1680
135
2657
3970
5430
4143
1491
4983
6889
1155
3081
8022
9533
3332
4917
955
4414
9485
4566
5676
1093
463
702
2620
2227
6606
1170
4397
2364
2216
7886
4043
8702
6894
8013
4132
1036
9503
9114
4276
7009
8546
2297
6542
8229
3565
7496
8994
3050
8413
4669
4142
5228
1722
6761
7454
8327
4283
1850
7042
6498
6087
1085
1551
9332
5449
5682
367
4951
1148
995
1959
6045
9643
4852
4274
3208
8699
3267
6257
7112
4288
6750
8691
6009
9863
6144
688
4145
4345
7729
6994
6784
5165
8544
6115
613
578
2834
1915
8077
3828
3874
4121
3470
5077
4746
6677
128
4365
9285
7239
8652
6035
2281
1012
2249
4776
1699
6393
9120
5780
9738
5903
944
4633
8370
1557
5210
1203
3471
3286
5030
3696
3759
8499
5125
8504
1528
5252
9220
812
8842
7871
3198
1122
8883
5446
5897
6933
8190
5016
2712
4279
7271
8
8912
5640
1564
473
3194
1386
111
8223
1434
221
3073
6558
5076
952
1809
4296
1764
650
8518
1313
1771
3752
3111
7667
685
7652
9034
9748
8283
2656
6107
3546
8295
4022
4018
7840
5408
480
6062
6841
700
5487
3398
5776
6438
1558
71
4553
2207
8588
5866
3977
2340
5328
7995
9376
2979
7028
5475
7613
9684
1582
1158
4330
5603
5176
2170
1010
2007
4583
4202
2707
69
3951
8482
6507
5508
4904
1059
7714
9843
3276
8042
8534
8603
6036
7909
7934
9416
3384
5546
9099
4965
3056
9780
6919
8231
1949
7929
6589
6532
8482
9295
2952
8785
4128
9458
4292
5383
6869
8358
5226
144
2751
3759
5099
8787
8020
3032
8202
1403
4929
3652
2719
7984
3431
9637
2566
1732
3917
9155
4615
8751
4801
7566
7535
5281
7024
1826
663
244
6535
5888
387
9286
5999
5485
4424
4018
4868
8977
1772
6149
2628
842
484
6058
478
3050
4141
747
8556
8755
9497
9708
6321
7031
4988
9696
5208
5651
9939
1743
7890
325
7380
240
2162
1803
609
3381
779
2380
5881
9758
3221
6365
5815
51
5766
9956
797
4321
5062
293
380
1382
7323
5368
1077
8882
7370
1015
624
1611
7692
4355
1851
6205
6157
2459
5937
3287
1191
1818
3044
763
8182
5211
813
3947
1518
7961
4619
6579
8253
4998
7961
1927
365
5389
809
4086
2756
7784
5697
6799
2139
7547
9355
4647
6357
5291
7934
7547
7108
7329
8310
1641
2539
5474
5587
4056
3435
6557
6987
8039
1555
1299
6318
8271
6687
7126
2357
5794
1261
8053
8944
3399
1951
8298
4398
8307
3589
2331
2206
7048
9659
6867
8689
8550
2340
627
8957
2126
7184
5943
6517
8738
7241
2834
3360
280
6311
5716
6073
7571
120
5017
7322
2070
3314
1719
6729
3254
401
8934
6654
6411
5800
5342
4960
4491
5968
3917
2969
9503
9859
9485
4592
3452
2318
7952
3731
8628
19
6155
2550
139
1171
9871
8560
837
7941
5288
442
8341
4221
7095
4752
6372
8788
9711
7215
1108
9979
6535
610
6190
6019
5202
9641
4688
9505
9723
9667
9523
5877
2216
9661
3400
8439
8221
588
6379
9860
7381
1072
433
4476
5823
6804
3263
1885
370
722
8216
6904
1332
4405
9274
2885
397
3961
2389
119
3627
8263
5995
2195
7924
5746
6985
2496
6333
9715
8707
3714
786
9139
4541
6608
2295
4155
4845
2664
4877
3060
9568
2560
7464
8841
5444
7860
9154
4184
4330
9132
2446
6676
7678
6721
2422
4662
5568
5106
4377
4275
5171
5162
9765
9711
8122
2059
218
2966
4723
5094
6025
642
4005
9840
5834
5800
7699
4987
6335
8380
471
8780
5055
8148
1853
7476
9162
3772
8934
3538
4398
4104
5051
4163
167
9524
6221
384
2489
7295
1829
4865
7936
5833
4704
122
7984
8754
1460
4318
7133
1930
9449
2188
78
1301
6015
5591
1425
4948
9128
5822
5404
530
9984
5570
54
2557
2305
8894
9851
4133
3759
7787
6317
4814
7908
4300
3568
9367
4969
7052
7649
4417
5591
4078
2070
1606
9668
3494
2905
5147
9315
4660
5676
5651
229
2081
8207
8885
975
8057
3017
4733
2195
5685
9546
6454
6336
9465
2173
1304
6517
9821
5721
2107
3898
4142
64
9917
7635
9321
5063
3301
3980
738
8951
561
9171
3509
9445
145
7918
8814
1229
6464
4498
7126
2918
7186
2943
1442
8489
5811
1262
561
7917
1511
4702
4333
1427
8688
3653
6489
1989
3984
3578
7291
4544
9100
800
341
9244
5069
9154
6824
1532
3
302
801
7188
3244
2242
2029
9054
9855
8941
3322
1365
9995
4006
9143
8682
7658
1983
670
7994
1913
7961
2537
1012
5112
9229
256
180
4734
3431
8063
4737
84
8864
8276
9679
7457
6656
8732
7312
5597
8406
5028
5591
2411
523
4272
6421
2505
1294
4414
4417
9254
3302
5429
717
2531
2036
7248
7264
1818
5310
8352
1902
4173
6628
1580
7982
3283
6664
1645
5231
1421
6672
821
3831
3546
1445
6603
6051
2738
1016
6819
8343
670
8599
5411
9552
6986
2658
3167
8804
7967
1519
7057
8492
4498
8636
6473
4132
1651
8117
9363
3071
1140
6535
3254
4686
4331
9856
7088
7068
7224
258
1762
7893
8857
7172
7444
5842
9829
610
997
7796
8480
8053
2639
2977
3041
9111
3461
4691
3579
9175
4114
4718
5709
7367
5755
40
3574
9194
3459
797
9452
1573
5041
4660
8744
8836
6853
4925
9446
7850
9072
4277
2254
1710
3606
5294
7172
7066
6337
750
6240
6802
1819
8300
520
3926
4691
4093
3119
4502
1242
8922
6074
6282
9933
1169
5118
6786
2445
915
987
1516
5191
3240
9577
8796
4886
6748
2213
7574
3849
4804
727
2020
3104
1246
5945
4146
1690
5415
8647
2931
689
4720
9213
621
2241
682
7406
4685
1596
8392
6201
3138
7984
2129
8286
2869
8877
498
6794
9077
5302
7520
1096
4757
8765
3392
8902
454

